maximize trace(var1)
subject to Sum(var1, None, False) == 0.0
           [[340.11 340.11 ... 341.02 341.99]
 [340.11 340.11 ... 341.02 341.99]
 ...
 [341.02 341.02 ... 345.04 344.22]
 [341.99 341.99 ... 344.22 344.67]][0, 0] + -2.0 @ [[340.11 340.11 ... 341.02 341.99]
 [340.11 340.11 ... 341.02 341.99]
 ...
 [341.02 341.02 ... 345.04 344.22]
 [341.99 341.99 ... 344.22 344.67]][0, 1] + [[340.11 340.11 ... 341.02 341.99]
 [340.11 340.11 ... 341.02 341.99]
 ...
 [341.02 341.02 ... 345.04 344.22]
 [341.99 341.99 ... 344.22 344.67]][1, 1] + -var1[0, 0] + -2.0 @ var1[0, 1] + var1[1, 1] == 0.0
           [[340.11 340.11 ... 341.02 341.99]
 [340.11 340.11 ... 341.02 341.99]
 ...
 [341.02 341.02 ... 345.04 344.22]
 [341.99 341.99 ... 344.22 344.67]][0, 0] + -2.0 @ [[340.11 340.11 ... 341.02 341.99]
 [340.11 340.11 ... 341.02 341.99]
 ...
 [341.02 341.02 ... 345.04 344.22]
 [341.99 341.99 ... 344.22 344.67]][0, 398] + [[340.11 340.11 ... 341.02 341.99]
 [340.11 340.11 ... 341.02 341.99]
 ...
 [341.02 341.02 ... 345.04 344.22]
 [341.99 341.99 ... 344.22 344.67]][398, 398] + -var1[0, 0] + -2.0 @ var1[0, 398] + var1[398, 398] == 0.0
           [[340.11 340.11 ... 341.02 341.99]
 [340.11 340.11 ... 341.02 341.99]
 ...
 [341.02 341.02 ... 345.04 344.22]
 [341.99 341.99 ... 344.22 344.67]][0, 0] + -2.0 @ [[340.11 340.11 ... 341.02 341.99]
 [340.11 340.11 ... 341.02 341.99]
 ...
 [341.02 341.02 ... 345.04 344.22]
 [341.99 341.99 ... 344.22 344.67]][0, 399] + [[340.11 340.11 ... 341.02 341.99]
 [340.11 340.11 ... 341.02 341.99]
 ...
 [341.02 341.02 ... 345.04 344.22]
 [341.99 341.99 ... 344.22 344.67]][399, 399] + -var1[0, 0] + -2.0 @ var1[0, 399] + var1[399, 399] == 0.0
           [[340.11 340.11 ... 341.02 341.99]
 [340.11 340.11 ... 341.02 341.99]
 ...
 [341.02 341.02 ... 345.04 344.22]
 [341.99 341.99 ... 344.22 344.67]][1, 1] + -2.0 @ [[340.11 340.11 ... 341.02 341.99]
 [340.11 340.11 ... 341.02 341.99]
 ...
 [341.02 341.02 ... 345.04 344.22]
 [341.99 341.99 ... 344.22 344.67]][1, 0] + [[340.11 340.11 ... 341.02 341.99]
 [340.11 340.11 ... 341.02 341.99]
 ...
 [341.02 341.02 ... 345.04 344.22]
 [341.99 341.99 ... 344.22 344.67]][0, 0] + -var1[1, 1] + -2.0 @ var1[1, 0] + var1[0, 0] == 0.0
           [[340.11 340.11 ... 341.02 341.99]
 [340.11 340.11 ... 341.02 341.99]
 ...
 [341.02 341.02 ... 345.04 344.22]
 [341.99 341.99 ... 344.22 344.67]][1, 1] + -2.0 @ [[340.11 340.11 ... 341.02 341.99]
 [340.11 340.11 ... 341.02 341.99]
 ...
 [341.02 341.02 ... 345.04 344.22]
 [341.99 341.99 ... 344.22 344.67]][1, 398] + [[340.11 340.11 ... 341.02 341.99]
 [340.11 340.11 ... 341.02 341.99]
 ...
 [341.02 341.02 ... 345.04 344.22]
 [341.99 341.99 ... 344.22 344.67]][398, 398] + -var1[1, 1] + -2.0 @ var1[1, 398] + var1[398, 398] == 0.0
           [[340.11 340.11 ... 341.02 341.99]
 [340.11 340.11 ... 341.02 341.99]
 ...
 [341.02 341.02 ... 345.04 344.22]
 [341.99 341.99 ... 344.22 344.67]][1, 1] + -2.0 @ [[340.11 340.11 ... 341.02 341.99]
 [340.11 340.11 ... 341.02 341.99]
 ...
 [341.02 341.02 ... 345.04 344.22]
 [341.99 341.99 ... 344.22 344.67]][1, 399] + [[340.11 340.11 ... 341.02 341.99]
 [340.11 340.11 ... 341.02 341.99]
 ...
 [341.02 341.02 ... 345.04 344.22]
 [341.99 341.99 ... 344.22 344.67]][399, 399] + -var1[1, 1] + -2.0 @ var1[1, 399] + var1[399, 399] == 0.0
           [[340.11 340.11 ... 341.02 341.99]
 [340.11 340.11 ... 341.02 341.99]
 ...
 [341.02 341.02 ... 345.04 344.22]
 [341.99 341.99 ... 344.22 344.67]][2, 2] + -2.0 @ [[340.11 340.11 ... 341.02 341.99]
 [340.11 340.11 ... 341.02 341.99]
 ...
 [341.02 341.02 ... 345.04 344.22]
 [341.99 341.99 ... 344.22 344.67]][2, 0] + [[340.11 340.11 ... 341.02 341.99]
 [340.11 340.11 ... 341.02 341.99]
 ...
 [341.02 341.02 ... 345.04 344.22]
 [341.99 341.99 ... 344.22 344.67]][0, 0] + -var1[2, 2] + -2.0 @ var1[2, 0] + var1[0, 0] == 0.0
           [[340.11 340.11 ... 341.02 341.99]
 [340.11 340.11 ... 341.02 341.99]
 ...
 [341.02 341.02 ... 345.04 344.22]
 [341.99 341.99 ... 344.22 344.67]][2, 2] + -2.0 @ [[340.11 340.11 ... 341.02 341.99]
 [340.11 340.11 ... 341.02 341.99]
 ...
 [341.02 341.02 ... 345.04 344.22]
 [341.99 341.99 ... 344.22 344.67]][2, 3] + [[340.11 340.11 ... 341.02 341.99]
 [340.11 340.11 ... 341.02 341.99]
 ...
 [341.02 341.02 ... 345.04 344.22]
 [341.99 341.99 ... 344.22 344.67]][3, 3] + -var1[2, 2] + -2.0 @ var1[2, 3] + var1[3, 3] == 0.0
           [[340.11 340.11 ... 341.02 341.99]
 [340.11 340.11 ... 341.02 341.99]
 ...
 [341.02 341.02 ... 345.04 344.22]
 [341.99 341.99 ... 344.22 344.67]][2, 2] + -2.0 @ [[340.11 340.11 ... 341.02 341.99]
 [340.11 340.11 ... 341.02 341.99]
 ...
 [341.02 341.02 ... 345.04 344.22]
 [341.99 341.99 ... 344.22 344.67]][2, 4] + [[340.11 340.11 ... 341.02 341.99]
 [340.11 340.11 ... 341.02 341.99]
 ...
 [341.02 341.02 ... 345.04 344.22]
 [341.99 341.99 ... 344.22 344.67]][4, 4] + -var1[2, 2] + -2.0 @ var1[2, 4] + var1[4, 4] == 0.0
           [[340.11 340.11 ... 341.02 341.99]
 [340.11 340.11 ... 341.02 341.99]
 ...
 [341.02 341.02 ... 345.04 344.22]
 [341.99 341.99 ... 344.22 344.67]][3, 3] + -2.0 @ [[340.11 340.11 ... 341.02 341.99]
 [340.11 340.11 ... 341.02 341.99]
 ...
 [341.02 341.02 ... 345.04 344.22]
 [341.99 341.99 ... 344.22 344.67]][3, 2] + [[340.11 340.11 ... 341.02 341.99]
 [340.11 340.11 ... 341.02 341.99]
 ...
 [341.02 341.02 ... 345.04 344.22]
 [341.99 341.99 ... 344.22 344.67]][2, 2] + -var1[3, 3] + -2.0 @ var1[3, 2] + var1[2, 2] == 0.0
           [[340.11 340.11 ... 341.02 341.99]
 [340.11 340.11 ... 341.02 341.99]
 ...
 [341.02 341.02 ... 345.04 344.22]
 [341.99 341.99 ... 344.22 344.67]][3, 3] + -2.0 @ [[340.11 340.11 ... 341.02 341.99]
 [340.11 340.11 ... 341.02 341.99]
 ...
 [341.02 341.02 ... 345.04 344.22]
 [341.99 341.99 ... 344.22 344.67]][3, 4] + [[340.11 340.11 ... 341.02 341.99]
 [340.11 340.11 ... 341.02 341.99]
 ...
 [341.02 341.02 ... 345.04 344.22]
 [341.99 341.99 ... 344.22 344.67]][4, 4] + -var1[3, 3] + -2.0 @ var1[3, 4] + var1[4, 4] == 0.0
           [[340.11 340.11 ... 341.02 341.99]
 [340.11 340.11 ... 341.02 341.99]
 ...
 [341.02 341.02 ... 345.04 344.22]
 [341.99 341.99 ... 344.22 344.67]][3, 3] + -2.0 @ [[340.11 340.11 ... 341.02 341.99]
 [340.11 340.11 ... 341.02 341.99]
 ...
 [341.02 341.02 ... 345.04 344.22]
 [341.99 341.99 ... 344.22 344.67]][3, 5] + [[340.11 340.11 ... 341.02 341.99]
 [340.11 340.11 ... 341.02 341.99]
 ...
 [341.02 341.02 ... 345.04 344.22]
 [341.99 341.99 ... 344.22 344.67]][5, 5] + -var1[3, 3] + -2.0 @ var1[3, 5] + var1[5, 5] == 0.0
           [[340.11 340.11 ... 341.02 341.99]
 [340.11 340.11 ... 341.02 341.99]
 ...
 [341.02 341.02 ... 345.04 344.22]
 [341.99 341.99 ... 344.22 344.67]][4, 4] + -2.0 @ [[340.11 340.11 ... 341.02 341.99]
 [340.11 340.11 ... 341.02 341.99]
 ...
 [341.02 341.02 ... 345.04 344.22]
 [341.99 341.99 ... 344.22 344.67]][4, 2] + [[340.11 340.11 ... 341.02 341.99]
 [340.11 340.11 ... 341.02 341.99]
 ...
 [341.02 341.02 ... 345.04 344.22]
 [341.99 341.99 ... 344.22 344.67]][2, 2] + -var1[4, 4] + -2.0 @ var1[4, 2] + var1[2, 2] == 0.0
           [[340.11 340.11 ... 341.02 341.99]
 [340.11 340.11 ... 341.02 341.99]
 ...
 [341.02 341.02 ... 345.04 344.22]
 [341.99 341.99 ... 344.22 344.67]][4, 4] + -2.0 @ [[340.11 340.11 ... 341.02 341.99]
 [340.11 340.11 ... 341.02 341.99]
 ...
 [341.02 341.02 ... 345.04 344.22]
 [341.99 341.99 ... 344.22 344.67]][4, 3] + [[340.11 340.11 ... 341.02 341.99]
 [340.11 340.11 ... 341.02 341.99]
 ...
 [341.02 341.02 ... 345.04 344.22]
 [341.99 341.99 ... 344.22 344.67]][3, 3] + -var1[4, 4] + -2.0 @ var1[4, 3] + var1[3, 3] == 0.0
           [[340.11 340.11 ... 341.02 341.99]
 [340.11 340.11 ... 341.02 341.99]
 ...
 [341.02 341.02 ... 345.04 344.22]
 [341.99 341.99 ... 344.22 344.67]][4, 4] + -2.0 @ [[340.11 340.11 ... 341.02 341.99]
 [340.11 340.11 ... 341.02 341.99]
 ...
 [341.02 341.02 ... 345.04 344.22]
 [341.99 341.99 ... 344.22 344.67]][4, 5] + [[340.11 340.11 ... 341.02 341.99]
 [340.11 340.11 ... 341.02 341.99]
 ...
 [341.02 341.02 ... 345.04 344.22]
 [341.99 341.99 ... 344.22 344.67]][5, 5] + -var1[4, 4] + -2.0 @ var1[4, 5] + var1[5, 5] == 0.0
           [[340.11 340.11 ... 341.02 341.99]
 [340.11 340.11 ... 341.02 341.99]
 ...
 [341.02 341.02 ... 345.04 344.22]
 [341.99 341.99 ... 344.22 344.67]][5, 5] + -2.0 @ [[340.11 340.11 ... 341.02 341.99]
 [340.11 340.11 ... 341.02 341.99]
 ...
 [341.02 341.02 ... 345.04 344.22]
 [341.99 341.99 ... 344.22 344.67]][5, 4] + [[340.11 340.11 ... 341.02 341.99]
 [340.11 340.11 ... 341.02 341.99]
 ...
 [341.02 341.02 ... 345.04 344.22]
 [341.99 341.99 ... 344.22 344.67]][4, 4] + -var1[5, 5] + -2.0 @ var1[5, 4] + var1[4, 4] == 0.0
           [[340.11 340.11 ... 341.02 341.99]
 [340.11 340.11 ... 341.02 341.99]
 ...
 [341.02 341.02 ... 345.04 344.22]
 [341.99 341.99 ... 344.22 344.67]][5, 5] + -2.0 @ [[340.11 340.11 ... 341.02 341.99]
 [340.11 340.11 ... 341.02 341.99]
 ...
 [341.02 341.02 ... 345.04 344.22]
 [341.99 341.99 ... 344.22 344.67]][5, 6] + [[340.11 340.11 ... 341.02 341.99]
 [340.11 340.11 ... 341.02 341.99]
 ...
 [341.02 341.02 ... 345.04 344.22]
 [341.99 341.99 ... 344.22 344.67]][6, 6] + -var1[5, 5] + -2.0 @ var1[5, 6] + var1[6, 6] == 0.0
           [[340.11 340.11 ... 341.02 341.99]
 [340.11 340.11 ... 341.02 341.99]
 ...
 [341.02 341.02 ... 345.04 344.22]
 [341.99 341.99 ... 344.22 344.67]][5, 5] + -2.0 @ [[340.11 340.11 ... 341.02 341.99]
 [340.11 340.11 ... 341.02 341.99]
 ...
 [341.02 341.02 ... 345.04 344.22]
 [341.99 341.99 ... 344.22 344.67]][5, 7] + [[340.11 340.11 ... 341.02 341.99]
 [340.11 340.11 ... 341.02 341.99]
 ...
 [341.02 341.02 ... 345.04 344.22]
 [341.99 341.99 ... 344.22 344.67]][7, 7] + -var1[5, 5] + -2.0 @ var1[5, 7] + var1[7, 7] == 0.0
           [[340.11 340.11 ... 341.02 341.99]
 [340.11 340.11 ... 341.02 341.99]
 ...
 [341.02 341.02 ... 345.04 344.22]
 [341.99 341.99 ... 344.22 344.67]][6, 6] + -2.0 @ [[340.11 340.11 ... 341.02 341.99]
 [340.11 340.11 ... 341.02 341.99]
 ...
 [341.02 341.02 ... 345.04 344.22]
 [341.99 341.99 ... 344.22 344.67]][6, 5] + [[340.11 340.11 ... 341.02 341.99]
 [340.11 340.11 ... 341.02 341.99]
 ...
 [341.02 341.02 ... 345.04 344.22]
 [341.99 341.99 ... 344.22 344.67]][5, 5] + -var1[6, 6] + -2.0 @ var1[6, 5] + var1[5, 5] == 0.0
           [[340.11 340.11 ... 341.02 341.99]
 [340.11 340.11 ... 341.02 341.99]
 ...
 [341.02 341.02 ... 345.04 344.22]
 [341.99 341.99 ... 344.22 344.67]][6, 6] + -2.0 @ [[340.11 340.11 ... 341.02 341.99]
 [340.11 340.11 ... 341.02 341.99]
 ...
 [341.02 341.02 ... 345.04 344.22]
 [341.99 341.99 ... 344.22 344.67]][6, 7] + [[340.11 340.11 ... 341.02 341.99]
 [340.11 340.11 ... 341.02 341.99]
 ...
 [341.02 341.02 ... 345.04 344.22]
 [341.99 341.99 ... 344.22 344.67]][7, 7] + -var1[6, 6] + -2.0 @ var1[6, 7] + var1[7, 7] == 0.0
           [[340.11 340.11 ... 341.02 341.99]
 [340.11 340.11 ... 341.02 341.99]
 ...
 [341.02 341.02 ... 345.04 344.22]
 [341.99 341.99 ... 344.22 344.67]][6, 6] + -2.0 @ [[340.11 340.11 ... 341.02 341.99]
 [340.11 340.11 ... 341.02 341.99]
 ...
 [341.02 341.02 ... 345.04 344.22]
 [341.99 341.99 ... 344.22 344.67]][6, 8] + [[340.11 340.11 ... 341.02 341.99]
 [340.11 340.11 ... 341.02 341.99]
 ...
 [341.02 341.02 ... 345.04 344.22]
 [341.99 341.99 ... 344.22 344.67]][8, 8] + -var1[6, 6] + -2.0 @ var1[6, 8] + var1[8, 8] == 0.0
           [[340.11 340.11 ... 341.02 341.99]
 [340.11 340.11 ... 341.02 341.99]
 ...
 [341.02 341.02 ... 345.04 344.22]
 [341.99 341.99 ... 344.22 344.67]][7, 7] + -2.0 @ [[340.11 340.11 ... 341.02 341.99]
 [340.11 340.11 ... 341.02 341.99]
 ...
 [341.02 341.02 ... 345.04 344.22]
 [341.99 341.99 ... 344.22 344.67]][7, 6] + [[340.11 340.11 ... 341.02 341.99]
 [340.11 340.11 ... 341.02 341.99]
 ...
 [341.02 341.02 ... 345.04 344.22]
 [341.99 341.99 ... 344.22 344.67]][6, 6] + -var1[7, 7] + -2.0 @ var1[7, 6] + var1[6, 6] == 0.0
           [[340.11 340.11 ... 341.02 341.99]
 [340.11 340.11 ... 341.02 341.99]
 ...
 [341.02 341.02 ... 345.04 344.22]
 [341.99 341.99 ... 344.22 344.67]][7, 7] + -2.0 @ [[340.11 340.11 ... 341.02 341.99]
 [340.11 340.11 ... 341.02 341.99]
 ...
 [341.02 341.02 ... 345.04 344.22]
 [341.99 341.99 ... 344.22 344.67]][7, 8] + [[340.11 340.11 ... 341.02 341.99]
 [340.11 340.11 ... 341.02 341.99]
 ...
 [341.02 341.02 ... 345.04 344.22]
 [341.99 341.99 ... 344.22 344.67]][8, 8] + -var1[7, 7] + -2.0 @ var1[7, 8] + var1[8, 8] == 0.0
           [[340.11 340.11 ... 341.02 341.99]
 [340.11 340.11 ... 341.02 341.99]
 ...
 [341.02 341.02 ... 345.04 344.22]
 [341.99 341.99 ... 344.22 344.67]][7, 7] + -2.0 @ [[340.11 340.11 ... 341.02 341.99]
 [340.11 340.11 ... 341.02 341.99]
 ...
 [341.02 341.02 ... 345.04 344.22]
 [341.99 341.99 ... 344.22 344.67]][7, 9] + [[340.11 340.11 ... 341.02 341.99]
 [340.11 340.11 ... 341.02 341.99]
 ...
 [341.02 341.02 ... 345.04 344.22]
 [341.99 341.99 ... 344.22 344.67]][9, 9] + -var1[7, 7] + -2.0 @ var1[7, 9] + var1[9, 9] == 0.0
           [[340.11 340.11 ... 341.02 341.99]
 [340.11 340.11 ... 341.02 341.99]
 ...
 [341.02 341.02 ... 345.04 344.22]
 [341.99 341.99 ... 344.22 344.67]][8, 8] + -2.0 @ [[340.11 340.11 ... 341.02 341.99]
 [340.11 340.11 ... 341.02 341.99]
 ...
 [341.02 341.02 ... 345.04 344.22]
 [341.99 341.99 ... 344.22 344.67]][8, 7] + [[340.11 340.11 ... 341.02 341.99]
 [340.11 340.11 ... 341.02 341.99]
 ...
 [341.02 341.02 ... 345.04 344.22]
 [341.99 341.99 ... 344.22 344.67]][7, 7] + -var1[8, 8] + -2.0 @ var1[8, 7] + var1[7, 7] == 0.0
           [[340.11 340.11 ... 341.02 341.99]
 [340.11 340.11 ... 341.02 341.99]
 ...
 [341.02 341.02 ... 345.04 344.22]
 [341.99 341.99 ... 344.22 344.67]][8, 8] + -2.0 @ [[340.11 340.11 ... 341.02 341.99]
 [340.11 340.11 ... 341.02 341.99]
 ...
 [341.02 341.02 ... 345.04 344.22]
 [341.99 341.99 ... 344.22 344.67]][8, 9] + [[340.11 340.11 ... 341.02 341.99]
 [340.11 340.11 ... 341.02 341.99]
 ...
 [341.02 341.02 ... 345.04 344.22]
 [341.99 341.99 ... 344.22 344.67]][9, 9] + -var1[8, 8] + -2.0 @ var1[8, 9] + var1[9, 9] == 0.0
           [[340.11 340.11 ... 341.02 341.99]
 [340.11 340.11 ... 341.02 341.99]
 ...
 [341.02 341.02 ... 345.04 344.22]
 [341.99 341.99 ... 344.22 344.67]][8, 8] + -2.0 @ [[340.11 340.11 ... 341.02 341.99]
 [340.11 340.11 ... 341.02 341.99]
 ...
 [341.02 341.02 ... 345.04 344.22]
 [341.99 341.99 ... 344.22 344.67]][8, 10] + [[340.11 340.11 ... 341.02 341.99]
 [340.11 340.11 ... 341.02 341.99]
 ...
 [341.02 341.02 ... 345.04 344.22]
 [341.99 341.99 ... 344.22 344.67]][10, 10] + -var1[8, 8] + -2.0 @ var1[8, 10] + var1[10, 10] == 0.0
           [[340.11 340.11 ... 341.02 341.99]
 [340.11 340.11 ... 341.02 341.99]
 ...
 [341.02 341.02 ... 345.04 344.22]
 [341.99 341.99 ... 344.22 344.67]][9, 9] + -2.0 @ [[340.11 340.11 ... 341.02 341.99]
 [340.11 340.11 ... 341.02 341.99]
 ...
 [341.02 341.02 ... 345.04 344.22]
 [341.99 341.99 ... 344.22 344.67]][9, 8] + [[340.11 340.11 ... 341.02 341.99]
 [340.11 340.11 ... 341.02 341.99]
 ...
 [341.02 341.02 ... 345.04 344.22]
 [341.99 341.99 ... 344.22 344.67]][8, 8] + -var1[9, 9] + -2.0 @ var1[9, 8] + var1[8, 8] == 0.0
           [[340.11 340.11 ... 341.02 341.99]
 [340.11 340.11 ... 341.02 341.99]
 ...
 [341.02 341.02 ... 345.04 344.22]
 [341.99 341.99 ... 344.22 344.67]][9, 9] + -2.0 @ [[340.11 340.11 ... 341.02 341.99]
 [340.11 340.11 ... 341.02 341.99]
 ...
 [341.02 341.02 ... 345.04 344.22]
 [341.99 341.99 ... 344.22 344.67]][9, 10] + [[340.11 340.11 ... 341.02 341.99]
 [340.11 340.11 ... 341.02 341.99]
 ...
 [341.02 341.02 ... 345.04 344.22]
 [341.99 341.99 ... 344.22 344.67]][10, 10] + -var1[9, 9] + -2.0 @ var1[9, 10] + var1[10, 10] == 0.0
           [[340.11 340.11 ... 341.02 341.99]
 [340.11 340.11 ... 341.02 341.99]
 ...
 [341.02 341.02 ... 345.04 344.22]
 [341.99 341.99 ... 344.22 344.67]][9, 9] + -2.0 @ [[340.11 340.11 ... 341.02 341.99]
 [340.11 340.11 ... 341.02 341.99]
 ...
 [341.02 341.02 ... 345.04 344.22]
 [341.99 341.99 ... 344.22 344.67]][9, 11] + [[340.11 340.11 ... 341.02 341.99]
 [340.11 340.11 ... 341.02 341.99]
 ...
 [341.02 341.02 ... 345.04 344.22]
 [341.99 341.99 ... 344.22 344.67]][11, 11] + -var1[9, 9] + -2.0 @ var1[9, 11] + var1[11, 11] == 0.0
           [[340.11 340.11 ... 341.02 341.99]
 [340.11 340.11 ... 341.02 341.99]
 ...
 [341.02 341.02 ... 345.04 344.22]
 [341.99 341.99 ... 344.22 344.67]][10, 10] + -2.0 @ [[340.11 340.11 ... 341.02 341.99]
 [340.11 340.11 ... 341.02 341.99]
 ...
 [341.02 341.02 ... 345.04 344.22]
 [341.99 341.99 ... 344.22 344.67]][10, 8] + [[340.11 340.11 ... 341.02 341.99]
 [340.11 340.11 ... 341.02 341.99]
 ...
 [341.02 341.02 ... 345.04 344.22]
 [341.99 341.99 ... 344.22 344.67]][8, 8] + -var1[10, 10] + -2.0 @ var1[10, 8] + var1[8, 8] == 0.0
           [[340.11 340.11 ... 341.02 341.99]
 [340.11 340.11 ... 341.02 341.99]
 ...
 [341.02 341.02 ... 345.04 344.22]
 [341.99 341.99 ... 344.22 344.67]][10, 10] + -2.0 @ [[340.11 340.11 ... 341.02 341.99]
 [340.11 340.11 ... 341.02 341.99]
 ...
 [341.02 341.02 ... 345.04 344.22]
 [341.99 341.99 ... 344.22 344.67]][10, 9] + [[340.11 340.11 ... 341.02 341.99]
 [340.11 340.11 ... 341.02 341.99]
 ...
 [341.02 341.02 ... 345.04 344.22]
 [341.99 341.99 ... 344.22 344.67]][9, 9] + -var1[10, 10] + -2.0 @ var1[10, 9] + var1[9, 9] == 0.0
           [[340.11 340.11 ... 341.02 341.99]
 [340.11 340.11 ... 341.02 341.99]
 ...
 [341.02 341.02 ... 345.04 344.22]
 [341.99 341.99 ... 344.22 344.67]][10, 10] + -2.0 @ [[340.11 340.11 ... 341.02 341.99]
 [340.11 340.11 ... 341.02 341.99]
 ...
 [341.02 341.02 ... 345.04 344.22]
 [341.99 341.99 ... 344.22 344.67]][10, 11] + [[340.11 340.11 ... 341.02 341.99]
 [340.11 340.11 ... 341.02 341.99]
 ...
 [341.02 341.02 ... 345.04 344.22]
 [341.99 341.99 ... 344.22 344.67]][11, 11] + -var1[10, 10] + -2.0 @ var1[10, 11] + var1[11, 11] == 0.0
           [[340.11 340.11 ... 341.02 341.99]
 [340.11 340.11 ... 341.02 341.99]
 ...
 [341.02 341.02 ... 345.04 344.22]
 [341.99 341.99 ... 344.22 344.67]][11, 11] + -2.0 @ [[340.11 340.11 ... 341.02 341.99]
 [340.11 340.11 ... 341.02 341.99]
 ...
 [341.02 341.02 ... 345.04 344.22]
 [341.99 341.99 ... 344.22 344.67]][11, 9] + [[340.11 340.11 ... 341.02 341.99]
 [340.11 340.11 ... 341.02 341.99]
 ...
 [341.02 341.02 ... 345.04 344.22]
 [341.99 341.99 ... 344.22 344.67]][9, 9] + -var1[11, 11] + -2.0 @ var1[11, 9] + var1[9, 9] == 0.0
           [[340.11 340.11 ... 341.02 341.99]
 [340.11 340.11 ... 341.02 341.99]
 ...
 [341.02 341.02 ... 345.04 344.22]
 [341.99 341.99 ... 344.22 344.67]][11, 11] + -2.0 @ [[340.11 340.11 ... 341.02 341.99]
 [340.11 340.11 ... 341.02 341.99]
 ...
 [341.02 341.02 ... 345.04 344.22]
 [341.99 341.99 ... 344.22 344.67]][11, 10] + [[340.11 340.11 ... 341.02 341.99]
 [340.11 340.11 ... 341.02 341.99]
 ...
 [341.02 341.02 ... 345.04 344.22]
 [341.99 341.99 ... 344.22 344.67]][10, 10] + -var1[11, 11] + -2.0 @ var1[11, 10] + var1[10, 10] == 0.0
           [[340.11 340.11 ... 341.02 341.99]
 [340.11 340.11 ... 341.02 341.99]
 ...
 [341.02 341.02 ... 345.04 344.22]
 [341.99 341.99 ... 344.22 344.67]][11, 11] + -2.0 @ [[340.11 340.11 ... 341.02 341.99]
 [340.11 340.11 ... 341.02 341.99]
 ...
 [341.02 341.02 ... 345.04 344.22]
 [341.99 341.99 ... 344.22 344.67]][11, 12] + [[340.11 340.11 ... 341.02 341.99]
 [340.11 340.11 ... 341.02 341.99]
 ...
 [341.02 341.02 ... 345.04 344.22]
 [341.99 341.99 ... 344.22 344.67]][12, 12] + -var1[11, 11] + -2.0 @ var1[11, 12] + var1[12, 12] == 0.0
           [[340.11 340.11 ... 341.02 341.99]
 [340.11 340.11 ... 341.02 341.99]
 ...
 [341.02 341.02 ... 345.04 344.22]
 [341.99 341.99 ... 344.22 344.67]][12, 12] + -2.0 @ [[340.11 340.11 ... 341.02 341.99]
 [340.11 340.11 ... 341.02 341.99]
 ...
 [341.02 341.02 ... 345.04 344.22]
 [341.99 341.99 ... 344.22 344.67]][12, 11] + [[340.11 340.11 ... 341.02 341.99]
 [340.11 340.11 ... 341.02 341.99]
 ...
 [341.02 341.02 ... 345.04 344.22]
 [341.99 341.99 ... 344.22 344.67]][11, 11] + -var1[12, 12] + -2.0 @ var1[12, 11] + var1[11, 11] == 0.0
           [[340.11 340.11 ... 341.02 341.99]
 [340.11 340.11 ... 341.02 341.99]
 ...
 [341.02 341.02 ... 345.04 344.22]
 [341.99 341.99 ... 344.22 344.67]][12, 12] + -2.0 @ [[340.11 340.11 ... 341.02 341.99]
 [340.11 340.11 ... 341.02 341.99]
 ...
 [341.02 341.02 ... 345.04 344.22]
 [341.99 341.99 ... 344.22 344.67]][12, 13] + [[340.11 340.11 ... 341.02 341.99]
 [340.11 340.11 ... 341.02 341.99]
 ...
 [341.02 341.02 ... 345.04 344.22]
 [341.99 341.99 ... 344.22 344.67]][13, 13] + -var1[12, 12] + -2.0 @ var1[12, 13] + var1[13, 13] == 0.0
           [[340.11 340.11 ... 341.02 341.99]
 [340.11 340.11 ... 341.02 341.99]
 ...
 [341.02 341.02 ... 345.04 344.22]
 [341.99 341.99 ... 344.22 344.67]][12, 12] + -2.0 @ [[340.11 340.11 ... 341.02 341.99]
 [340.11 340.11 ... 341.02 341.99]
 ...
 [341.02 341.02 ... 345.04 344.22]
 [341.99 341.99 ... 344.22 344.67]][12, 14] + [[340.11 340.11 ... 341.02 341.99]
 [340.11 340.11 ... 341.02 341.99]
 ...
 [341.02 341.02 ... 345.04 344.22]
 [341.99 341.99 ... 344.22 344.67]][14, 14] + -var1[12, 12] + -2.0 @ var1[12, 14] + var1[14, 14] == 0.0
           [[340.11 340.11 ... 341.02 341.99]
 [340.11 340.11 ... 341.02 341.99]
 ...
 [341.02 341.02 ... 345.04 344.22]
 [341.99 341.99 ... 344.22 344.67]][13, 13] + -2.0 @ [[340.11 340.11 ... 341.02 341.99]
 [340.11 340.11 ... 341.02 341.99]
 ...
 [341.02 341.02 ... 345.04 344.22]
 [341.99 341.99 ... 344.22 344.67]][13, 12] + [[340.11 340.11 ... 341.02 341.99]
 [340.11 340.11 ... 341.02 341.99]
 ...
 [341.02 341.02 ... 345.04 344.22]
 [341.99 341.99 ... 344.22 344.67]][12, 12] + -var1[13, 13] + -2.0 @ var1[13, 12] + var1[12, 12] == 0.0
           [[340.11 340.11 ... 341.02 341.99]
 [340.11 340.11 ... 341.02 341.99]
 ...
 [341.02 341.02 ... 345.04 344.22]
 [341.99 341.99 ... 344.22 344.67]][13, 13] + -2.0 @ [[340.11 340.11 ... 341.02 341.99]
 [340.11 340.11 ... 341.02 341.99]
 ...
 [341.02 341.02 ... 345.04 344.22]
 [341.99 341.99 ... 344.22 344.67]][13, 14] + [[340.11 340.11 ... 341.02 341.99]
 [340.11 340.11 ... 341.02 341.99]
 ...
 [341.02 341.02 ... 345.04 344.22]
 [341.99 341.99 ... 344.22 344.67]][14, 14] + -var1[13, 13] + -2.0 @ var1[13, 14] + var1[14, 14] == 0.0
           [[340.11 340.11 ... 341.02 341.99]
 [340.11 340.11 ... 341.02 341.99]
 ...
 [341.02 341.02 ... 345.04 344.22]
 [341.99 341.99 ... 344.22 344.67]][13, 13] + -2.0 @ [[340.11 340.11 ... 341.02 341.99]
 [340.11 340.11 ... 341.02 341.99]
 ...
 [341.02 341.02 ... 345.04 344.22]
 [341.99 341.99 ... 344.22 344.67]][13, 15] + [[340.11 340.11 ... 341.02 341.99]
 [340.11 340.11 ... 341.02 341.99]
 ...
 [341.02 341.02 ... 345.04 344.22]
 [341.99 341.99 ... 344.22 344.67]][15, 15] + -var1[13, 13] + -2.0 @ var1[13, 15] + var1[15, 15] == 0.0
           [[340.11 340.11 ... 341.02 341.99]
 [340.11 340.11 ... 341.02 341.99]
 ...
 [341.02 341.02 ... 345.04 344.22]
 [341.99 341.99 ... 344.22 344.67]][14, 14] + -2.0 @ [[340.11 340.11 ... 341.02 341.99]
 [340.11 340.11 ... 341.02 341.99]
 ...
 [341.02 341.02 ... 345.04 344.22]
 [341.99 341.99 ... 344.22 344.67]][14, 13] + [[340.11 340.11 ... 341.02 341.99]
 [340.11 340.11 ... 341.02 341.99]
 ...
 [341.02 341.02 ... 345.04 344.22]
 [341.99 341.99 ... 344.22 344.67]][13, 13] + -var1[14, 14] + -2.0 @ var1[14, 13] + var1[13, 13] == 0.0
           [[340.11 340.11 ... 341.02 341.99]
 [340.11 340.11 ... 341.02 341.99]
 ...
 [341.02 341.02 ... 345.04 344.22]
 [341.99 341.99 ... 344.22 344.67]][14, 14] + -2.0 @ [[340.11 340.11 ... 341.02 341.99]
 [340.11 340.11 ... 341.02 341.99]
 ...
 [341.02 341.02 ... 345.04 344.22]
 [341.99 341.99 ... 344.22 344.67]][14, 15] + [[340.11 340.11 ... 341.02 341.99]
 [340.11 340.11 ... 341.02 341.99]
 ...
 [341.02 341.02 ... 345.04 344.22]
 [341.99 341.99 ... 344.22 344.67]][15, 15] + -var1[14, 14] + -2.0 @ var1[14, 15] + var1[15, 15] == 0.0
           [[340.11 340.11 ... 341.02 341.99]
 [340.11 340.11 ... 341.02 341.99]
 ...
 [341.02 341.02 ... 345.04 344.22]
 [341.99 341.99 ... 344.22 344.67]][14, 14] + -2.0 @ [[340.11 340.11 ... 341.02 341.99]
 [340.11 340.11 ... 341.02 341.99]
 ...
 [341.02 341.02 ... 345.04 344.22]
 [341.99 341.99 ... 344.22 344.67]][14, 16] + [[340.11 340.11 ... 341.02 341.99]
 [340.11 340.11 ... 341.02 341.99]
 ...
 [341.02 341.02 ... 345.04 344.22]
 [341.99 341.99 ... 344.22 344.67]][16, 16] + -var1[14, 14] + -2.0 @ var1[14, 16] + var1[16, 16] == 0.0
           [[340.11 340.11 ... 341.02 341.99]
 [340.11 340.11 ... 341.02 341.99]
 ...
 [341.02 341.02 ... 345.04 344.22]
 [341.99 341.99 ... 344.22 344.67]][15, 15] + -2.0 @ [[340.11 340.11 ... 341.02 341.99]
 [340.11 340.11 ... 341.02 341.99]
 ...
 [341.02 341.02 ... 345.04 344.22]
 [341.99 341.99 ... 344.22 344.67]][15, 14] + [[340.11 340.11 ... 341.02 341.99]
 [340.11 340.11 ... 341.02 341.99]
 ...
 [341.02 341.02 ... 345.04 344.22]
 [341.99 341.99 ... 344.22 344.67]][14, 14] + -var1[15, 15] + -2.0 @ var1[15, 14] + var1[14, 14] == 0.0
           [[340.11 340.11 ... 341.02 341.99]
 [340.11 340.11 ... 341.02 341.99]
 ...
 [341.02 341.02 ... 345.04 344.22]
 [341.99 341.99 ... 344.22 344.67]][15, 15] + -2.0 @ [[340.11 340.11 ... 341.02 341.99]
 [340.11 340.11 ... 341.02 341.99]
 ...
 [341.02 341.02 ... 345.04 344.22]
 [341.99 341.99 ... 344.22 344.67]][15, 16] + [[340.11 340.11 ... 341.02 341.99]
 [340.11 340.11 ... 341.02 341.99]
 ...
 [341.02 341.02 ... 345.04 344.22]
 [341.99 341.99 ... 344.22 344.67]][16, 16] + -var1[15, 15] + -2.0 @ var1[15, 16] + var1[16, 16] == 0.0
           [[340.11 340.11 ... 341.02 341.99]
 [340.11 340.11 ... 341.02 341.99]
 ...
 [341.02 341.02 ... 345.04 344.22]
 [341.99 341.99 ... 344.22 344.67]][15, 15] + -2.0 @ [[340.11 340.11 ... 341.02 341.99]
 [340.11 340.11 ... 341.02 341.99]
 ...
 [341.02 341.02 ... 345.04 344.22]
 [341.99 341.99 ... 344.22 344.67]][15, 17] + [[340.11 340.11 ... 341.02 341.99]
 [340.11 340.11 ... 341.02 341.99]
 ...
 [341.02 341.02 ... 345.04 344.22]
 [341.99 341.99 ... 344.22 344.67]][17, 17] + -var1[15, 15] + -2.0 @ var1[15, 17] + var1[17, 17] == 0.0
           [[340.11 340.11 ... 341.02 341.99]
 [340.11 340.11 ... 341.02 341.99]
 ...
 [341.02 341.02 ... 345.04 344.22]
 [341.99 341.99 ... 344.22 344.67]][16, 16] + -2.0 @ [[340.11 340.11 ... 341.02 341.99]
 [340.11 340.11 ... 341.02 341.99]
 ...
 [341.02 341.02 ... 345.04 344.22]
 [341.99 341.99 ... 344.22 344.67]][16, 14] + [[340.11 340.11 ... 341.02 341.99]
 [340.11 340.11 ... 341.02 341.99]
 ...
 [341.02 341.02 ... 345.04 344.22]
 [341.99 341.99 ... 344.22 344.67]][14, 14] + -var1[16, 16] + -2.0 @ var1[16, 14] + var1[14, 14] == 0.0
           [[340.11 340.11 ... 341.02 341.99]
 [340.11 340.11 ... 341.02 341.99]
 ...
 [341.02 341.02 ... 345.04 344.22]
 [341.99 341.99 ... 344.22 344.67]][16, 16] + -2.0 @ [[340.11 340.11 ... 341.02 341.99]
 [340.11 340.11 ... 341.02 341.99]
 ...
 [341.02 341.02 ... 345.04 344.22]
 [341.99 341.99 ... 344.22 344.67]][16, 15] + [[340.11 340.11 ... 341.02 341.99]
 [340.11 340.11 ... 341.02 341.99]
 ...
 [341.02 341.02 ... 345.04 344.22]
 [341.99 341.99 ... 344.22 344.67]][15, 15] + -var1[16, 16] + -2.0 @ var1[16, 15] + var1[15, 15] == 0.0
           [[340.11 340.11 ... 341.02 341.99]
 [340.11 340.11 ... 341.02 341.99]
 ...
 [341.02 341.02 ... 345.04 344.22]
 [341.99 341.99 ... 344.22 344.67]][16, 16] + -2.0 @ [[340.11 340.11 ... 341.02 341.99]
 [340.11 340.11 ... 341.02 341.99]
 ...
 [341.02 341.02 ... 345.04 344.22]
 [341.99 341.99 ... 344.22 344.67]][16, 17] + [[340.11 340.11 ... 341.02 341.99]
 [340.11 340.11 ... 341.02 341.99]
 ...
 [341.02 341.02 ... 345.04 344.22]
 [341.99 341.99 ... 344.22 344.67]][17, 17] + -var1[16, 16] + -2.0 @ var1[16, 17] + var1[17, 17] == 0.0
           [[340.11 340.11 ... 341.02 341.99]
 [340.11 340.11 ... 341.02 341.99]
 ...
 [341.02 341.02 ... 345.04 344.22]
 [341.99 341.99 ... 344.22 344.67]][17, 17] + -2.0 @ [[340.11 340.11 ... 341.02 341.99]
 [340.11 340.11 ... 341.02 341.99]
 ...
 [341.02 341.02 ... 345.04 344.22]
 [341.99 341.99 ... 344.22 344.67]][17, 15] + [[340.11 340.11 ... 341.02 341.99]
 [340.11 340.11 ... 341.02 341.99]
 ...
 [341.02 341.02 ... 345.04 344.22]
 [341.99 341.99 ... 344.22 344.67]][15, 15] + -var1[17, 17] + -2.0 @ var1[17, 15] + var1[15, 15] == 0.0
           [[340.11 340.11 ... 341.02 341.99]
 [340.11 340.11 ... 341.02 341.99]
 ...
 [341.02 341.02 ... 345.04 344.22]
 [341.99 341.99 ... 344.22 344.67]][17, 17] + -2.0 @ [[340.11 340.11 ... 341.02 341.99]
 [340.11 340.11 ... 341.02 341.99]
 ...
 [341.02 341.02 ... 345.04 344.22]
 [341.99 341.99 ... 344.22 344.67]][17, 16] + [[340.11 340.11 ... 341.02 341.99]
 [340.11 340.11 ... 341.02 341.99]
 ...
 [341.02 341.02 ... 345.04 344.22]
 [341.99 341.99 ... 344.22 344.67]][16, 16] + -var1[17, 17] + -2.0 @ var1[17, 16] + var1[16, 16] == 0.0
           [[340.11 340.11 ... 341.02 341.99]
 [340.11 340.11 ... 341.02 341.99]
 ...
 [341.02 341.02 ... 345.04 344.22]
 [341.99 341.99 ... 344.22 344.67]][17, 17] + -2.0 @ [[340.11 340.11 ... 341.02 341.99]
 [340.11 340.11 ... 341.02 341.99]
 ...
 [341.02 341.02 ... 345.04 344.22]
 [341.99 341.99 ... 344.22 344.67]][17, 18] + [[340.11 340.11 ... 341.02 341.99]
 [340.11 340.11 ... 341.02 341.99]
 ...
 [341.02 341.02 ... 345.04 344.22]
 [341.99 341.99 ... 344.22 344.67]][18, 18] + -var1[17, 17] + -2.0 @ var1[17, 18] + var1[18, 18] == 0.0
           [[340.11 340.11 ... 341.02 341.99]
 [340.11 340.11 ... 341.02 341.99]
 ...
 [341.02 341.02 ... 345.04 344.22]
 [341.99 341.99 ... 344.22 344.67]][18, 18] + -2.0 @ [[340.11 340.11 ... 341.02 341.99]
 [340.11 340.11 ... 341.02 341.99]
 ...
 [341.02 341.02 ... 345.04 344.22]
 [341.99 341.99 ... 344.22 344.67]][18, 16] + [[340.11 340.11 ... 341.02 341.99]
 [340.11 340.11 ... 341.02 341.99]
 ...
 [341.02 341.02 ... 345.04 344.22]
 [341.99 341.99 ... 344.22 344.67]][16, 16] + -var1[18, 18] + -2.0 @ var1[18, 16] + var1[16, 16] == 0.0
           [[340.11 340.11 ... 341.02 341.99]
 [340.11 340.11 ... 341.02 341.99]
 ...
 [341.02 341.02 ... 345.04 344.22]
 [341.99 341.99 ... 344.22 344.67]][18, 18] + -2.0 @ [[340.11 340.11 ... 341.02 341.99]
 [340.11 340.11 ... 341.02 341.99]
 ...
 [341.02 341.02 ... 345.04 344.22]
 [341.99 341.99 ... 344.22 344.67]][18, 17] + [[340.11 340.11 ... 341.02 341.99]
 [340.11 340.11 ... 341.02 341.99]
 ...
 [341.02 341.02 ... 345.04 344.22]
 [341.99 341.99 ... 344.22 344.67]][17, 17] + -var1[18, 18] + -2.0 @ var1[18, 17] + var1[17, 17] == 0.0
           [[340.11 340.11 ... 341.02 341.99]
 [340.11 340.11 ... 341.02 341.99]
 ...
 [341.02 341.02 ... 345.04 344.22]
 [341.99 341.99 ... 344.22 344.67]][18, 18] + -2.0 @ [[340.11 340.11 ... 341.02 341.99]
 [340.11 340.11 ... 341.02 341.99]
 ...
 [341.02 341.02 ... 345.04 344.22]
 [341.99 341.99 ... 344.22 344.67]][18, 19] + [[340.11 340.11 ... 341.02 341.99]
 [340.11 340.11 ... 341.02 341.99]
 ...
 [341.02 341.02 ... 345.04 344.22]
 [341.99 341.99 ... 344.22 344.67]][19, 19] + -var1[18, 18] + -2.0 @ var1[18, 19] + var1[19, 19] == 0.0
           [[340.11 340.11 ... 341.02 341.99]
 [340.11 340.11 ... 341.02 341.99]
 ...
 [341.02 341.02 ... 345.04 344.22]
 [341.99 341.99 ... 344.22 344.67]][19, 19] + -2.0 @ [[340.11 340.11 ... 341.02 341.99]
 [340.11 340.11 ... 341.02 341.99]
 ...
 [341.02 341.02 ... 345.04 344.22]
 [341.99 341.99 ... 344.22 344.67]][19, 18] + [[340.11 340.11 ... 341.02 341.99]
 [340.11 340.11 ... 341.02 341.99]
 ...
 [341.02 341.02 ... 345.04 344.22]
 [341.99 341.99 ... 344.22 344.67]][18, 18] + -var1[19, 19] + -2.0 @ var1[19, 18] + var1[18, 18] == 0.0
           [[340.11 340.11 ... 341.02 341.99]
 [340.11 340.11 ... 341.02 341.99]
 ...
 [341.02 341.02 ... 345.04 344.22]
 [341.99 341.99 ... 344.22 344.67]][19, 19] + -2.0 @ [[340.11 340.11 ... 341.02 341.99]
 [340.11 340.11 ... 341.02 341.99]
 ...
 [341.02 341.02 ... 345.04 344.22]
 [341.99 341.99 ... 344.22 344.67]][19, 20] + [[340.11 340.11 ... 341.02 341.99]
 [340.11 340.11 ... 341.02 341.99]
 ...
 [341.02 341.02 ... 345.04 344.22]
 [341.99 341.99 ... 344.22 344.67]][20, 20] + -var1[19, 19] + -2.0 @ var1[19, 20] + var1[20, 20] == 0.0
           [[340.11 340.11 ... 341.02 341.99]
 [340.11 340.11 ... 341.02 341.99]
 ...
 [341.02 341.02 ... 345.04 344.22]
 [341.99 341.99 ... 344.22 344.67]][19, 19] + -2.0 @ [[340.11 340.11 ... 341.02 341.99]
 [340.11 340.11 ... 341.02 341.99]
 ...
 [341.02 341.02 ... 345.04 344.22]
 [341.99 341.99 ... 344.22 344.67]][19, 21] + [[340.11 340.11 ... 341.02 341.99]
 [340.11 340.11 ... 341.02 341.99]
 ...
 [341.02 341.02 ... 345.04 344.22]
 [341.99 341.99 ... 344.22 344.67]][21, 21] + -var1[19, 19] + -2.0 @ var1[19, 21] + var1[21, 21] == 0.0
           [[340.11 340.11 ... 341.02 341.99]
 [340.11 340.11 ... 341.02 341.99]
 ...
 [341.02 341.02 ... 345.04 344.22]
 [341.99 341.99 ... 344.22 344.67]][20, 20] + -2.0 @ [[340.11 340.11 ... 341.02 341.99]
 [340.11 340.11 ... 341.02 341.99]
 ...
 [341.02 341.02 ... 345.04 344.22]
 [341.99 341.99 ... 344.22 344.67]][20, 19] + [[340.11 340.11 ... 341.02 341.99]
 [340.11 340.11 ... 341.02 341.99]
 ...
 [341.02 341.02 ... 345.04 344.22]
 [341.99 341.99 ... 344.22 344.67]][19, 19] + -var1[20, 20] + -2.0 @ var1[20, 19] + var1[19, 19] == 0.0
           [[340.11 340.11 ... 341.02 341.99]
 [340.11 340.11 ... 341.02 341.99]
 ...
 [341.02 341.02 ... 345.04 344.22]
 [341.99 341.99 ... 344.22 344.67]][20, 20] + -2.0 @ [[340.11 340.11 ... 341.02 341.99]
 [340.11 340.11 ... 341.02 341.99]
 ...
 [341.02 341.02 ... 345.04 344.22]
 [341.99 341.99 ... 344.22 344.67]][20, 21] + [[340.11 340.11 ... 341.02 341.99]
 [340.11 340.11 ... 341.02 341.99]
 ...
 [341.02 341.02 ... 345.04 344.22]
 [341.99 341.99 ... 344.22 344.67]][21, 21] + -var1[20, 20] + -2.0 @ var1[20, 21] + var1[21, 21] == 0.0
           [[340.11 340.11 ... 341.02 341.99]
 [340.11 340.11 ... 341.02 341.99]
 ...
 [341.02 341.02 ... 345.04 344.22]
 [341.99 341.99 ... 344.22 344.67]][20, 20] + -2.0 @ [[340.11 340.11 ... 341.02 341.99]
 [340.11 340.11 ... 341.02 341.99]
 ...
 [341.02 341.02 ... 345.04 344.22]
 [341.99 341.99 ... 344.22 344.67]][20, 22] + [[340.11 340.11 ... 341.02 341.99]
 [340.11 340.11 ... 341.02 341.99]
 ...
 [341.02 341.02 ... 345.04 344.22]
 [341.99 341.99 ... 344.22 344.67]][22, 22] + -var1[20, 20] + -2.0 @ var1[20, 22] + var1[22, 22] == 0.0
           [[340.11 340.11 ... 341.02 341.99]
 [340.11 340.11 ... 341.02 341.99]
 ...
 [341.02 341.02 ... 345.04 344.22]
 [341.99 341.99 ... 344.22 344.67]][21, 21] + -2.0 @ [[340.11 340.11 ... 341.02 341.99]
 [340.11 340.11 ... 341.02 341.99]
 ...
 [341.02 341.02 ... 345.04 344.22]
 [341.99 341.99 ... 344.22 344.67]][21, 20] + [[340.11 340.11 ... 341.02 341.99]
 [340.11 340.11 ... 341.02 341.99]
 ...
 [341.02 341.02 ... 345.04 344.22]
 [341.99 341.99 ... 344.22 344.67]][20, 20] + -var1[21, 21] + -2.0 @ var1[21, 20] + var1[20, 20] == 0.0
           [[340.11 340.11 ... 341.02 341.99]
 [340.11 340.11 ... 341.02 341.99]
 ...
 [341.02 341.02 ... 345.04 344.22]
 [341.99 341.99 ... 344.22 344.67]][21, 21] + -2.0 @ [[340.11 340.11 ... 341.02 341.99]
 [340.11 340.11 ... 341.02 341.99]
 ...
 [341.02 341.02 ... 345.04 344.22]
 [341.99 341.99 ... 344.22 344.67]][21, 22] + [[340.11 340.11 ... 341.02 341.99]
 [340.11 340.11 ... 341.02 341.99]
 ...
 [341.02 341.02 ... 345.04 344.22]
 [341.99 341.99 ... 344.22 344.67]][22, 22] + -var1[21, 21] + -2.0 @ var1[21, 22] + var1[22, 22] == 0.0
           [[340.11 340.11 ... 341.02 341.99]
 [340.11 340.11 ... 341.02 341.99]
 ...
 [341.02 341.02 ... 345.04 344.22]
 [341.99 341.99 ... 344.22 344.67]][21, 21] + -2.0 @ [[340.11 340.11 ... 341.02 341.99]
 [340.11 340.11 ... 341.02 341.99]
 ...
 [341.02 341.02 ... 345.04 344.22]
 [341.99 341.99 ... 344.22 344.67]][21, 23] + [[340.11 340.11 ... 341.02 341.99]
 [340.11 340.11 ... 341.02 341.99]
 ...
 [341.02 341.02 ... 345.04 344.22]
 [341.99 341.99 ... 344.22 344.67]][23, 23] + -var1[21, 21] + -2.0 @ var1[21, 23] + var1[23, 23] == 0.0
           [[340.11 340.11 ... 341.02 341.99]
 [340.11 340.11 ... 341.02 341.99]
 ...
 [341.02 341.02 ... 345.04 344.22]
 [341.99 341.99 ... 344.22 344.67]][22, 22] + -2.0 @ [[340.11 340.11 ... 341.02 341.99]
 [340.11 340.11 ... 341.02 341.99]
 ...
 [341.02 341.02 ... 345.04 344.22]
 [341.99 341.99 ... 344.22 344.67]][22, 21] + [[340.11 340.11 ... 341.02 341.99]
 [340.11 340.11 ... 341.02 341.99]
 ...
 [341.02 341.02 ... 345.04 344.22]
 [341.99 341.99 ... 344.22 344.67]][21, 21] + -var1[22, 22] + -2.0 @ var1[22, 21] + var1[21, 21] == 0.0
           [[340.11 340.11 ... 341.02 341.99]
 [340.11 340.11 ... 341.02 341.99]
 ...
 [341.02 341.02 ... 345.04 344.22]
 [341.99 341.99 ... 344.22 344.67]][22, 22] + -2.0 @ [[340.11 340.11 ... 341.02 341.99]
 [340.11 340.11 ... 341.02 341.99]
 ...
 [341.02 341.02 ... 345.04 344.22]
 [341.99 341.99 ... 344.22 344.67]][22, 23] + [[340.11 340.11 ... 341.02 341.99]
 [340.11 340.11 ... 341.02 341.99]
 ...
 [341.02 341.02 ... 345.04 344.22]
 [341.99 341.99 ... 344.22 344.67]][23, 23] + -var1[22, 22] + -2.0 @ var1[22, 23] + var1[23, 23] == 0.0
           [[340.11 340.11 ... 341.02 341.99]
 [340.11 340.11 ... 341.02 341.99]
 ...
 [341.02 341.02 ... 345.04 344.22]
 [341.99 341.99 ... 344.22 344.67]][22, 22] + -2.0 @ [[340.11 340.11 ... 341.02 341.99]
 [340.11 340.11 ... 341.02 341.99]
 ...
 [341.02 341.02 ... 345.04 344.22]
 [341.99 341.99 ... 344.22 344.67]][22, 24] + [[340.11 340.11 ... 341.02 341.99]
 [340.11 340.11 ... 341.02 341.99]
 ...
 [341.02 341.02 ... 345.04 344.22]
 [341.99 341.99 ... 344.22 344.67]][24, 24] + -var1[22, 22] + -2.0 @ var1[22, 24] + var1[24, 24] == 0.0
           [[340.11 340.11 ... 341.02 341.99]
 [340.11 340.11 ... 341.02 341.99]
 ...
 [341.02 341.02 ... 345.04 344.22]
 [341.99 341.99 ... 344.22 344.67]][23, 23] + -2.0 @ [[340.11 340.11 ... 341.02 341.99]
 [340.11 340.11 ... 341.02 341.99]
 ...
 [341.02 341.02 ... 345.04 344.22]
 [341.99 341.99 ... 344.22 344.67]][23, 21] + [[340.11 340.11 ... 341.02 341.99]
 [340.11 340.11 ... 341.02 341.99]
 ...
 [341.02 341.02 ... 345.04 344.22]
 [341.99 341.99 ... 344.22 344.67]][21, 21] + -var1[23, 23] + -2.0 @ var1[23, 21] + var1[21, 21] == 0.0
           [[340.11 340.11 ... 341.02 341.99]
 [340.11 340.11 ... 341.02 341.99]
 ...
 [341.02 341.02 ... 345.04 344.22]
 [341.99 341.99 ... 344.22 344.67]][23, 23] + -2.0 @ [[340.11 340.11 ... 341.02 341.99]
 [340.11 340.11 ... 341.02 341.99]
 ...
 [341.02 341.02 ... 345.04 344.22]
 [341.99 341.99 ... 344.22 344.67]][23, 22] + [[340.11 340.11 ... 341.02 341.99]
 [340.11 340.11 ... 341.02 341.99]
 ...
 [341.02 341.02 ... 345.04 344.22]
 [341.99 341.99 ... 344.22 344.67]][22, 22] + -var1[23, 23] + -2.0 @ var1[23, 22] + var1[22, 22] == 0.0
           [[340.11 340.11 ... 341.02 341.99]
 [340.11 340.11 ... 341.02 341.99]
 ...
 [341.02 341.02 ... 345.04 344.22]
 [341.99 341.99 ... 344.22 344.67]][23, 23] + -2.0 @ [[340.11 340.11 ... 341.02 341.99]
 [340.11 340.11 ... 341.02 341.99]
 ...
 [341.02 341.02 ... 345.04 344.22]
 [341.99 341.99 ... 344.22 344.67]][23, 24] + [[340.11 340.11 ... 341.02 341.99]
 [340.11 340.11 ... 341.02 341.99]
 ...
 [341.02 341.02 ... 345.04 344.22]
 [341.99 341.99 ... 344.22 344.67]][24, 24] + -var1[23, 23] + -2.0 @ var1[23, 24] + var1[24, 24] == 0.0
           [[340.11 340.11 ... 341.02 341.99]
 [340.11 340.11 ... 341.02 341.99]
 ...
 [341.02 341.02 ... 345.04 344.22]
 [341.99 341.99 ... 344.22 344.67]][24, 24] + -2.0 @ [[340.11 340.11 ... 341.02 341.99]
 [340.11 340.11 ... 341.02 341.99]
 ...
 [341.02 341.02 ... 345.04 344.22]
 [341.99 341.99 ... 344.22 344.67]][24, 22] + [[340.11 340.11 ... 341.02 341.99]
 [340.11 340.11 ... 341.02 341.99]
 ...
 [341.02 341.02 ... 345.04 344.22]
 [341.99 341.99 ... 344.22 344.67]][22, 22] + -var1[24, 24] + -2.0 @ var1[24, 22] + var1[22, 22] == 0.0
           [[340.11 340.11 ... 341.02 341.99]
 [340.11 340.11 ... 341.02 341.99]
 ...
 [341.02 341.02 ... 345.04 344.22]
 [341.99 341.99 ... 344.22 344.67]][24, 24] + -2.0 @ [[340.11 340.11 ... 341.02 341.99]
 [340.11 340.11 ... 341.02 341.99]
 ...
 [341.02 341.02 ... 345.04 344.22]
 [341.99 341.99 ... 344.22 344.67]][24, 23] + [[340.11 340.11 ... 341.02 341.99]
 [340.11 340.11 ... 341.02 341.99]
 ...
 [341.02 341.02 ... 345.04 344.22]
